380681943961
380679790826
380988331391
380664606559
380977355636
380975076257
380979271454
380964352608
380978452885
380670103054
380677889835
380670058272
380961302280
380689579706
380979460729
380674850270
380677420714
380676397330
380633102396
380967581710
380672689106
380961000101
380672615621
380682488984
380977962079
380673599958
380984606045
380679302842
380985857981
380689942323
380672817979
380989832198
380683548864
380680224241
380675240755
380676565963
380977059524
380966900003
380677439432
380678091935
380673423376
380683993391
380673324063
380961420934
380673105550
380673642118
380673049002
380978893814
380966101625
380681786688
380670086701
380686506607
380973653465
380676427750
380673276179
380676202715
